69 848 34
83 392 28
42 256 28
82 151 35
31 686 1
54 622 12
53 717 66
95 62 25
82 775 61
81 318 2
15 615 85
50 585 76
3 1 22
10 125 82
43 123 4
92 807 80
31 425 69
50 199 3
45 919 50
28 599 5
28 431 74
27 116 76
52 921 40
88 534 38
17 364 70
45 833 58
71 184 28
79 711 8
28 937 17
81 732 33
61 583 9
4 337 34
94 768 45
71 440 87
84 885 88
30 788 65
30 461 30
70 622 14
42 22 4
62 746 62
9 801 8
32 802 35
15 23 76
93 158 24
9 641 90
74 975 22
11 275 28
86 658 68
81 11 90
41 564 17
94 604 53
33 253 90
87 627 22
38 955 90
76 151 57
16 891 32
37 385 88
42 510 19
77 284 30
1 26 12
64 466 70
23 878 13
51 287 57
74 773 12
61 464 35
96 936 71
41 975 55
61 732 19
56 521 85
68 672 20
59 622 85
4 169 53
35 498 67
68 940 75
60 343 84
20 39 73
90 314 10
45 822 15
37 220 44
82 521 42
52 599 27
76 127 69
51 669 21
99 541 14
88 388 47
62 52 86
35 423 90
12 577 56
34 23 3
44 426 70
77 122 86
30 267 31
60 428 26
50 202 76
74 743 9
25 822 24
32 755 47
71 517 78
99 840 64
6 314 36
27 232 30
87 595 24
89 262 51
68 732 72
59 943 50
21 928 53
40 416 43
6 413 15
31 430 36
83 996 78
78 11 0
68 386 12
95 937 1
9 21 5
76 493 38
48 118 19
55 640 34
30 172 84
87 911 22
24 639 17
86 404 82
14 707 13
74 816 3
90 157 24
44 625 62
44 961 52
14 676 19
53 525 9
98 26 64
46 709 29
71 196 32
99 101 12
82 709 63
42 900 38
14 476 26
22 1000 40
89 87 79
52 536 21
19 69 47
88 806 28
39 122 5
19 338 15
61 841 50
59 254 40
55 292 24
58 447 23
14 526 19
12 169 10
48 239 42
76 336 83
84 98 23
92 311 89
79 991 20
87 332 55
2 803 38
4 717 84
34 34 64
75 121 51
77 503 17
38 895 43
38 314 13
15 649 52
100 690 5
6 144 65
44 602 49
94 539 39
77 955 73
14 625 67
25 86 78
61 408 63
8 776 67
41 622 80
43 284 5
41 984 58
95 284 77
24 548 34
20 843 79
29 763 30
98 408 79
39 86 32
96 445 80
51 962 29
62 567 40
41 322 78
41 871 89
64 13 0
47 158 78
24 649 23
36 298 30
59 988 79
30 613 32
21 797 84
46 569 68
70 309 81
100 471 42
45 36 18
0 546 85
7 642 6
15 951 85
48 246 36
0 629 12
46 873 44
27 600 67
17 785 66
93 412 45
80 764 81
36 770 44
14 582 50
78 652 54
89 389 27
88 259 73
2 16 36
17 3 53
60 787 20
71 67 68
57 27 67
49 58 19
93 630 55
46 79 70
79 395 58
16 256 44
88 583 61
48 864 27
7 355 49
71 58 26
36 752 16
83 854 74
76 600 67
90 941 18
73 208 50
7 648 87
92 197 33
39 801 78
43 367 33
19 370 0
96 533 78
50 999 23
87 156 40
51 969 34
56 86 60
55 900 71
36 977 50
1 403 86
36 184 52
32 106 22
94 926 9
10 671 61
99 89 35
16 120 57
44 224 52
92 105 6
77 710 36
52 311 75
65 772 78
57 447 56
31 395 72
91 748 15
17 670 13
53 830 6
20 789 48
24 135 63
73 516 8
90 819 46
82 534 90
90 29 45
67 55 76
41 454 6
31 604 2
20 971 13
95 903 38
76 487 82
84 622 15
88 976 69
23 640 20
24 800 13
91 561 68
80 849 31
37 334 52
60 797 77
99 45 70
96 926 65
9 613 51
16 437 80
1 779 83
28 28 64
21 14 79
44 441 18
86 745 43
29 597 75
62 206 29
36 982 9
75 438 76
85 782 21
55 521 72
0 189 64
9 198 78
48 602 27
58 855 45
69 941 59
34 522 83
82 810 64
88 671 10
68 729 27
42 957 2
68 996 63
68 23 42
66 222 7
42 129 6
100 770 1
98 940 68
1 64 22
39 691 56
19 501 57
92 241 68
90 381 26
75 949 49
69 649 52
81 922 90
30 512 4
45 87 88
54 783 62
26 650 79
69 436 88
68 303 56
77 81 74
63 340 22
1 278 34
76 187 46
7 230 66
67 419 25
18 275 80
79 918 56
35 397 0
88 443 30
45 702 20
7 478 51
75 176 56
14 708 61
66 511 72
30 737 90
1 324 1
84 26 63
79 226 60
75 422 11
27 857 77
94 601 63
47 914 20
56 132 0
35 178 57
12 254 66
0 447 26
85 228 16
92 938 60
56 321 81
11 62 29
35 551 84
56 818 51
74 831 55
66 778 15
4 889 87
90 962 42
74 271 51
34 736 43
6 132 0
44 214 25
93 372 84
92 466 83
48 672 59
44 696 72
44 49 14
44 159 29
47 350 28
0 648 90
85 969 41
40 425 73
59 492 44
70 843 56
84 9 0
58 194 22
60 576 71
67 98 48
48 900 89
53 207 9
5 338 32
96 615 2
34 99 2
57 31 81
51 919 53
91 283 65
7 902 58
72 352 65
6 287 19
85 668 44
40 921 72
78 486 51
76 270 59
25 334 53
52 454 62
70 682 35
89 332 27
18 835 70
3 348 84
56 224 79
43 800 90
49 43 84
81 70 81
63 372 14
99 173 13
38 481 21
38 181 43
93 538 59
0 961 7
9 38 12
72 669 84
60 881 36
2 907 15
32 919 77
7 255 31
43 837 21
98 326 74
9 934 66
18 702 27
29 608 65
60 321 61
16 450 86
43 482 46
14 377 55
89 778 38
18 208 19
5 661 72
72 157 5
35 221 70
66 892 5
53 392 53
38 522 11
3 14 39
29 249 52
46 979 65
51 66 54
82 994 42
44 941 17
28 827 19
2 921 55
41 953 46
50 281 76
55 787 90
25 66 29
25 728 61
62 336 37
79 418 30
38 991 25
50 296 87
32 726 61
13 888 68
86 793 39
31 891 62
60 355 37
85 561 0
27 287 63
39 121 80
25 34 71
22 564 3
32 311 1
54 787 33
7 453 7
97 832 42
90 627 87
83 778 66
88 262 80
22 148 73
67 809 16
33 184 88
48 101 35
13 170 57
70 726 18
33 47 85
59 923 38
37 488 88
95 781 77
59 827 6
8 43 50
47 113 52
24 330 25
72 731 68
2 581 66
0 675 22
30 592 89
51 687 31
13 903 47
78 834 55
15 984 61
52 694 83
75 911 50
50 943 16
30 268 14
90 28 52
58 56 7
23 667 21
1 329 14
80 614 29
12 49 66
100 445 33
8 675 88
86 839 84
11 798 42
55 277 71
17 14 90
88 932 29
38 206 48
29 309 25
87 376 38
17 831 28
36 787 66
67 884 49
15 232 28
82 104 32
35 483 9
38 960 31
42 603 18
59 623 54
34 855 29
82 662 5
19 46 64
23 301 2
7 57 15
70 583 28
64 598 56
49 156 70
12 617 36
91 308 22
94 843 59
35 651 47
13 177 2
2 407 84
21 559 13
48 48 51
2 223 66
36 408 3
69 534 75
5 186 19
7 674 6
96 373 74
53 805 69
83 446 22
84 179 35
72 619 46
95 178 87
54 339 41
20 752 83
2 709 87
93 142 33
23 599 6
9 738 83
37 297 37
95 268 89
90 707 71
92 577 67
97 95 42
54 489 29
76 686 10
85 682 62
75 11 24
80 633 88
12 105 76
76 145 71
57 1 13
70 412 44
85 911 11
1 594 8
24 688 20
22 686 29
71 644 40
99 554 90
59 602 14
66 232 31
37 315 33
44 469 44
13 563 45
99 245 57
19 957 71
46 95 83
36 115 0
80 994 8
19 779 64
59 458 23
25 990 65
7 770 43
62 375 60
88 901 32
36 526 42
17 316 10
82 263 34
4 449 81
65 125 42
6 780 45
74 556 89
54 146 40
52 963 52
18 606 6
19 670 40
81 532 83
23 569 36
85 423 30
63 340 65
84 231 80
79 17 90
17 323 54
76 309 70
68 227 40
92 322 73
31 551 23
34 389 46
67 261 68
78 542 8
17 628 20
45 49 37
86 105 87
79 256 86
86 185 40
28 175 53
75 61 58
75 539 47
77 871 35
85 196 31
64 951 77
87 293 89
93 399 13
3 485 50
2 824 53
76 710 47
41 815 71
45 670 27
11 844 79
91 140 57
78 589 61
57 422 82
6 655 26
76 302 20
40 983 79
67 302 24
48 274 21
14 759 54
32 837 43
69 458 55
0 164 7
10 275 28
10 839 10
19 651 39
81 968 21
13 974 13
79 536 14
85 404 9
39 428 81
50 548 84
69 580 29
93 545 31
76 47 14
76 175 28
96 104 86
5 658 23
79 926 67
58 33 16
87 650 80
43 1000 45
17 222 79
53 597 42
8 236 52
88 104 8
34 885 21
18 868 5
42 736 21
19 764 54
65 400 30
76 481 83
22 464 86
69 585 10
94 737 64
6 448 41
60 370 70
67 160 28
74 481 90
93 179 90
40 38 89
57 486 25
90 380 88
76 371 36
73 2 45
22 323 39
0 196 8
2 418 40
33 334 67
4 872 27
6 373 65
25 177 5
37 354 76
93 746 46
9 19 48
98 722 7
9 336 76
12 749 39
59 515 63
57 62 26
59 845 35
96 572 84
76 795 37
21 598 56
34 947 75
75 886 32
14 864 59
48 631 43
8 348 66
70 186 38
56 324 64
41 800 53
48 790 30
66 673 82
37 202 82
68 689 58
78 455 12
36 389 61
78 597 45
70 104 13
82 92 64
52 314 46
41 256 71
17 964 16
6 871 90
86 999 51
16 759 52
76 486 77
75 621 0
38 367 14
23 788 69
55 107 20
94 208 57
15 885 74
7 425 36
5 465 88
48 509 82
17 802 23
28 974 7
89 754 10
34 947 33
19 258 49
53 798 39
15 735 14
71 52 38
58 332 48
10 572 12
4 228 49
44 688 77
73 930 12
27 57 12
88 164 89
40 253 31
91 582 39
56 113 54
77 788 76
3 915 11
87 633 57
35 737 18
55 849 1
52 23 22
82 50 58
66 416 38
31 949 75
24 913 60
53 734 29
22 567 89
46 229 48
43 905 57
6 566 87
24 657 20
31 434 33
12 535 85
88 449 33
4 220 90
33 281 60
99 654 81
10 530 0
73 517 87
64 303 70
88 818 54
73 500 33
6 512 76
61 108 34
60 561 72
26 983 44
1 852 61
56 772 8
9 377 70
30 93 9
73 78 63
88 738 17
23 739 37
79 570 18
18 797 33
66 23 70
73 364 12
61 695 19
78 626 86
97 370 88
59 876 39
87 489 49
45 954 23
12 495 47
43 942 80
41 515 12
71 496 67
99 229 88
100 934 77
15 435 47
74 728 67
97 629 11
23 328 55
60 28 58
100 146 54
3 625 23
64 446 28
81 151 38
76 513 25
26 287 5
95 186 6
19 51 52
89 547 71
25 174 8
39 122 26
84 877 15
57 152 60
64 3 30
99 435 51
72 142 65
46 115 32
81 300 83
62 807 48
66 968 3
73 968 34
24 59 56
29 137 80
57 388 84
38 731 27
73 408 78
8 235 65
18 942 1
0 845 43
43 273 64
5 946 32
55 7 54
27 776 63
18 695 87
77 607 90
77 715 6
78 305 22
74 564 17
17 924 43
96 240 6
35 379 42
6 842 13
94 124 24
87 140 45
15 824 69
10 368 56
43 537 51
93 824 32
7 840 47
13 772 68
11 276 46
4 321 69
18 966 11
48 36 24
84 612 29
29 422 87
23 875 78
74 585 84
32 495 68
31 139 75
13 790 41
52 81 89
100 714 17
51 460 53
23 707 82
60 749 49
37 683 68
34 431 71
56 320 74
19 893 31
55 79 2
28 949 47
13 341 33
35 763 38
48 973 17
65 174 2
30 427 48
85 576 78
22 445 35
83 945 18
44 466 6
53 356 8
11 935 40
4 476 75
47 88 48
57 693 3
96 710 66
53 394 5
35 22 49
42 398 85
71 40 59
100 740 14
15 577 39
83 265 24
18 265 21
13 663 77
26 827 22
26 820 53
49 72 38
47 597 72
8 904 75
87 142 88
42 572 82
56 223 75
28 860 30
73 142 56
56 247 27
5 291 28
74 849 63
83 364 23
81 474 17
46 643 32
63 917 58
42 921 9
55 130 13
82 635 64
11 506 39
73 763 20
85 801 50
49 20 13
6 822 32
96 553 1
81 25 63
10 125 74
67 119 23
1 651 75
95 694 89
37 763 33
90 369 15
33 584 90
48 3 2
77 222 63
3 382 51
5 746 85
71 845 22
26 921 37
11 424 3
82 293 1
8 128 60
33 849 7
37 127 11
34 439 51
70 807 33
6 836 51
52 758 40
63 393 14
86 66 74
99 974 3
74 497 3
98 817 33
83 644 70
70 109 17
54 146 59
14 780 40
95 825 70
95 20 63
50 398 1
19 961 66
75 852 17
2 439 69
4 997 76
26 839 3
44 567 21
63 874 36
87 504 42
86 683 26
19 331 60
32 873 75
38 289 71
79 709 18
87 671 14
32 302 88
82 42 72
4 77 36
40 934 85
73 678 4
100 395 62
38 531 25
19 59 4
50 477 77
95 600 74
68 71 13
41 381 18
66 985 58
